GPLCVER_2.12a of 05/16/07 (Linux-elf).
Copyright (c) 1991-2007 Pragmatic C Software Corp.
  All Rights reserved.  Licensed under the GNU General Public License (GPL).
  See the 'COPYING' file for details.  NO WARRANTY provided.
Today is Thu Jun 12 09:39:23 2014.
Compiling source file "../m68k/wf68k00ip_address_registers.v"
Compiling source file "../m68k/wf68k00ip_interrupt_controller.v"
Compiling source file "../m68k/wf68k00ip_alu.v"
Compiling source file "../m68k/wf68k00ip_opcode_decoder.v"
Compiling source file "../m68k/wf68k00ip_bus_interface.v"
Compiling source file "../m68k/wf68k00ip_shifter.v"
Compiling source file "../m68k/wf68k00ip_control.v"
Compiling source file "../m68k/wf68k00ip_top_soc.v"
Compiling source file "../m68k/wf68k00ip_data_registers.v"
Compiling source file "../m68k/wf68k00ip_top.v"
Compiling source file "m68k_tb.v"
Highest level modules:
m68k_tb

rom[0] = 0001
rom[1] = b000
ex_state -> INIT
exception: reset
ex_state -> INIT
exception: reset
ex_state -> VECT_NR
ex_state -> UPDATE_SSP_HI
ex_state -> UPDATE_SSP_LO
ex_state -> UPDATE_PC_HI
SSP <- 0001b000 (init)
ex_state -> UPDATE_PC_LO
ex_state -> IDLE
PC <- 00000100 (init)
    970; pc=00000100 d0=00000000 d1=00000000 d2=00000000 d3=00000000 d4=00000000 d5=00000000 d6=00000000 d7=00000000
                     a0=00000000 a1=00000000 a2=00000000 a3=00000000 a4=00000000 a5=00000000 a6=00000000 ssp=0001b000
   1210; pc=00000106 d0=00000000 d1=00000000 d2=00000000 d3=00000000 d4=00000000 d5=00000000 d6=00000000 d7=00000000
                     a0=00000000 a1=00000000 a2=00000000 a3=00000000 a4=00000000 a5=00000000 a6=00000000 ssp=0001b000
   1450; pc=0000010c d0=00000000 d1=80010001 d2=00000000 d3=00000000 d4=00000000 d5=00000000 d6=00000000 d7=00000000
                     a0=00000000 a1=00000000 a2=00000000 a3=00000000 a4=00000000 a5=00000000 a6=00000000 ssp=0001b000
   1690; pc=00000112 d0=00000000 d1=80010001 d2=80020002 d3=00000000 d4=00000000 d5=00000000 d6=00000000 d7=00000000
                     a0=00000000 a1=00000000 a2=00000000 a3=00000000 a4=00000000 a5=00000000 a6=00000000 ssp=0001b000
   1930; pc=00000118 d0=00000000 d1=80010001 d2=80020002 d3=80030003 d4=00000000 d5=00000000 d6=00000000 d7=00000000
                     a0=00000000 a1=00000000 a2=00000000 a3=00000000 a4=00000000 a5=00000000 a6=00000000 ssp=0001b000
   2170; pc=0000011e d0=00000000 d1=80010001 d2=80020002 d3=80030003 d4=00000004 d5=00000000 d6=00000000 d7=00000000
                     a0=00000000 a1=00000000 a2=00000000 a3=00000000 a4=00000000 a5=00000000 a6=00000000 ssp=0001b000
   2410; pc=00000124 d0=00000000 d1=80010001 d2=80020002 d3=80030003 d4=00000004 d5=00000005 d6=00000000 d7=00000000
                     a0=00000000 a1=00000000 a2=00000000 a3=00000000 a4=00000000 a5=00000000 a6=00000000 ssp=0001b000
   2650; pc=0000012a d0=00000000 d1=80010001 d2=80020002 d3=80030003 d4=00000004 d5=00000005 d6=00000006 d7=00000000
                     a0=00000000 a1=00000000 a2=00000000 a3=00000000 a4=00000000 a5=00000000 a6=00000000 ssp=0001b000
   2890; pc=00000130 d0=00000000 d1=80010001 d2=80020002 d3=80030003 d4=00000004 d5=00000005 d6=00000006 d7=00000007
                     a0=00000000 a1=00000000 a2=00000000 a3=00000000 a4=00000000 a5=00000000 a6=00000000 ssp=0001b000
   3130; pc=00000136 d0=00000000 d1=80010001 d2=80020002 d3=80030003 d4=00000004 d5=00000005 d6=00000006 d7=00000007
                     a0=00014000 a1=00000000 a2=00000000 a3=00000000 a4=00000000 a5=00000000 a6=00000000 ssp=0001b000
ram: 014000 <- 0000
ram: 014002 <- 0000
ram: 014004 <- 8001
ram: 014006 <- 0001
ram: 014008 <- 8002
ram: 01400a <- 0002
ram: 01400c <- 8003
ram: 01400e <- 0003
ram: 014010 <- 0000
ram: 014012 <- 0004
ram: 014014 <- 0000
ram: 014016 <- 0005
ram: 014018 <- 0000
ram: 01401a <- 0006
ram: 01401c <- 0000
ram: 01401e <- 0007
   4890; pc=0000013a d0=00000000 d1=80010001 d2=80020002 d3=80030003 d4=00000004 d5=00000005 d6=00000006 d7=00000007
                     a0=00014000 a1=00000000 a2=00000000 a3=00000000 a4=00000000 a5=00000000 a6=00000000 ssp=0001b000
   5130; pc=00000140 d0=00000000 d1=80010001 d2=80020002 d3=80030003 d4=00000004 d5=00000005 d6=00000006 d7=00000007
                     a0=00014000 a1=00000000 a2=00000000 a3=00000000 a4=00000000 a5=00000000 a6=00000000 ssp=0001b000
   5290; pc=00000144 d0=00000000 d1=80010001 d2=80020002 d3=80030003 d4=00000004 d5=00000005 d6=00000006 d7=00000007
                     a0=00014000 a1=00000000 a2=00000000 a3=00000000 a4=00000000 a5=00000000 a6=00000000 ssp=0001b000
   5530; pc=0000014a d0=00000000 d1=80010001 d2=80020002 d3=80030003 d4=00000004 d5=00000005 d6=00000006 d7=00000007
                     a0=00014000 a1=00000000 a2=00000000 a3=00000000 a4=00000000 a5=00000000 a6=00000000 ssp=0001b000
   5690; pc=0000014e d0=00000000 d1=80010001 d2=80020002 d3=80030003 d4=00000004 d5=00000005 d6=00000006 d7=00000007
                     a0=00014000 a1=00000000 a2=00000000 a3=00000000 a4=00000000 a5=00000000 a6=00000000 ssp=0001b000
   5930; pc=00000154 d0=00000000 d1=80010001 d2=80020002 d3=80030003 d4=00000004 d5=00000005 d6=00000006 d7=00000007
                     a0=00014000 a1=00000000 a2=00000000 a3=00000000 a4=00000000 a5=00000000 a6=00000000 ssp=0001b000
   6090; pc=00000158 d0=00000000 d1=80010001 d2=80020002 d3=80030003 d4=00000004 d5=00000005 d6=00000006 d7=00000007
                     a0=00014000 a1=00000000 a2=00000000 a3=00000000 a4=00000000 a5=00000000 a6=00000000 ssp=0001b000
   6330; pc=0000015e d0=00000000 d1=80010001 d2=80020002 d3=80030003 d4=00000004 d5=00000005 d6=00000006 d7=00000007
                     a0=00014000 a1=00000000 a2=00000000 a3=00000000 a4=00000000 a5=00000000 a6=00000000 ssp=0001b000
   6490; pc=00000162 d0=00000000 d1=80010001 d2=80020002 d3=80030003 d4=00000004 d5=00000005 d6=00000006 d7=00000007
                     a0=00014000 a1=00000000 a2=00000000 a3=00000000 a4=00000000 a5=00000000 a6=00000000 ssp=0001b000
   6730; pc=00000168 d0=00000000 d1=80010001 d2=80020002 d3=80030003 d4=00000004 d5=00000005 d6=00000006 d7=00000007
                     a0=00014000 a1=00000000 a2=00000000 a3=00000000 a4=00000000 a5=00000000 a6=00000000 ssp=0001b000
   6890; pc=0000016c d0=00000000 d1=80010001 d2=80020002 d3=80030003 d4=00000004 d5=00000005 d6=00000006 d7=00000007
                     a0=00014000 a1=00000000 a2=00000000 a3=00000000 a4=00000000 a5=00000000 a6=00000000 ssp=0001b000
   7130; pc=00000172 d0=00000000 d1=80010001 d2=80020002 d3=80030003 d4=00000004 d5=00000005 d6=00000006 d7=00000007
                     a0=00014000 a1=00000000 a2=00000000 a3=00000000 a4=00000000 a5=00000000 a6=00000000 ssp=0001b000
   7290; pc=00000176 d0=00000000 d1=80010001 d2=80020002 d3=80030003 d4=00000004 d5=00000005 d6=00000006 d7=00000007
                     a0=00014000 a1=00000000 a2=00000000 a3=00000000 a4=00000000 a5=00000000 a6=00000000 ssp=0001b000
   7530; pc=0000017c d0=00000000 d1=80010001 d2=80020002 d3=80030003 d4=00000004 d5=00000005 d6=00000006 d7=00000007
                     a0=00014000 a1=00000000 a2=00000000 a3=00000000 a4=00000000 a5=00000000 a6=00000000 ssp=0001b000
   7690; pc=00000180 d0=00000000 d1=80010001 d2=80020002 d3=80030003 d4=00000004 d5=00000005 d6=00000006 d7=00000007
                     a0=00014000 a1=00000000 a2=00000000 a3=00000000 a4=00000000 a5=00000000 a6=00000000 ssp=0001b000
   7930; pc=00000186 d0=00000000 d1=80010001 d2=80020002 d3=80030003 d4=00000004 d5=00000005 d6=00000006 d7=00000007
                     a0=00014000 a1=00000000 a2=00000000 a3=00000000 a4=00000000 a5=00000000 a6=00000000 ssp=0001b000
   8090; pc=0000018a d0=00000000 d1=80010001 d2=80020002 d3=80030003 d4=00000004 d5=00000005 d6=00000006 d7=00000007
                     a0=00014000 a1=00000000 a2=00000000 a3=00000000 a4=00000000 a5=00000000 a6=00000000 ssp=0001b000
   8330; pc=00000190 d0=00000000 d1=80010001 d2=80020002 d3=80030003 d4=00000004 d5=00000005 d6=00000006 d7=00000007
